
home

mov 0, -35, 20

mov 0, -35, 40

mov 0, -35, -20

mov 0, -35, -40

mov 0, 35, -40

mov 0, 35, -20

mov 0, 35, 20

mov 0, 35, 40

mov 0, 15, 90

mov 0, -15, 90

mov 93, -15, 90

mov 93, 15, 90

mov 93, 35, 40

mov 93, 35, 20

mov 93, 35, -20

mov 93, 35, -40

mov 93, -35, -40

mov 93, -35, -20

mov 93, -35, 40

mov 93, -35, 20

mov 93, 0, 0

mov 160, 0, 0

mov 160, -35, 20

mov 160, -35, 40

mov 160, -35, -20

mov 160, -35, -40

mov 160, 35, -40

mov 160, 35, -20

mov 160, 35, 20

mov 160, 35, 40

mov 160, 15, 90

mov 160, -15, 90

mov 208, -15, 90

mov 208, 15, 90

mov 208, 35, 40

mov 208, 35, 20

mov 208, 35, -20

mov 208, 35, -40

mov 208, -35, -40

mov 208, -35, -20

mov 208, -35, 40

mov 208, -35, 20

mov 208, 0, 0

mov 243, 0, 0

mov 243, -35, 20

mov 243, -35, 40

mov 243, -35, -20

mov 243, -35, -40

mov 243, 35, -40

mov 243, 35, -20

mov 243, 35, 20

mov 243, 35, 40

mov 243, 15, 90

mov 243, -15, 90

mov 269, -15, 90

mov 269, 15, 90

mov 269, 35, 40

mov 269, 35, 20

mov 269, 35, -20

mov 269, 35, -40

mov 269, -35, -40

mov 269, -35, -20

mov 269, -35, 40

mov 269, -35, 20

mov 269, 0, 0

mov 287, 0, 0

mov 287, -35, 20

mov 287, -35, 40

mov 287, -35, -20

mov 287, -35, -40

mov 287, 35, -40

mov 287, 35, -20

mov 287, 35, 20

mov 287, 35, 40

mov 287, 15, 90

mov 287, -15, 90

mov 350, -35, -90

mov 350, -35, -20

mov 350, -35, 20

mov 350, -35, 90

mov 350, 35, 90

mov 350, 35, 20

mov 350, 35, -20

mov 350, 35, -90

mov 434, 35, -90

mov 434, 35, -20

mov 434, 35, 20

mov 434, 35, 90

mov 434, -35, 90

mov 434, -35, 20

mov 434, -35, -20

mov 434, -35, -90

mov 477, -35, -90

mov 477, -35, -20

mov 477, -35, 20

mov 477, -35, 90

mov 477, 35, 90

mov 477, 35, 20

mov 477, 35, -20

mov 477, 35, -90

mov 500, 35, -90

mov 500, 35, -20

mov 500, 35, 20

mov 500, 35, 90

mov 500, -35, 90

mov 500, -35, 20

mov 500, -35, -20

mov 500, -35, -90

home
